0
0
4.432551188
19.19114414
19.54727986
0
0
0
0
0
0
0
0
0
0
0
0
0
0
0
33.03561147
808.2854955
1489.156462
1747.501117
1651.342612
1324.637747
955.9372995
646.5614814
427.7932276
342.5021384
343.2287661
441.1941298
616.8846164
845.8202072
1052.970997
1181.27537
1078.681877
702.7073678
113.6185522
0
0
0
2.993304187
11.96766864
20.55266576
28.63547072
29.20241063
23.59517557
19.00634098
13.39210152
7.079135711
0.643635787
0
0
0
0
0
0
0
0
0
5.915362166
42.55027543
98.53390395