0.01
0.012451971
0.015505158
0.019306977
0.024040992
0.029935773
0.037275937
0.046415888
0.057796929
0.071968567
0.08961505
0.111588399
0.138949549
0.173019574
0.215443469
0.26826958
0.334048498
0.415956216
0.517947468
0.644946677
0.803085722
1
1.245197085
1.55051578
1.930697729
2.404099184
2.993577295
3.72759372
4.641588834
5.779692884
7.19685673
8.961505019
11.15883993
13.89495494
17.30195739
21.5443469
26.82695795
33.40484984
41.59562163
51.79474679
64.49466771
80.30857221
100
124.5197085
155.051578
193.0697729
240.4099184
299.3577295
372.759372
464.1588834
577.9692884
719.685673
896.1505019
1115.883993
1389.495494
1730.195739
2154.43469
2682.695795
3340.484984
4159.562163
5179.474679
6449.466771
8030.857221
10000